-0.69
-1.89
-1.99
-0.01
-0.99
-0.88
-1.78
-2.71
-2.03
-0.85
-1.78
-2.11
-3.00
-1.27
-1.93
-0.47
-0.71
0.30
-0.91
-0.00
-0.70
-0.77
-1.50
-1.19
-0.37
-1.10
-1.20
-2.50
-0.68
-2.10
-0.58
-1.07
0.09
-1.30
0.70
-1.19
-1.57
-1.61
-1.56
-1.18
-0.85
-1.15
-1.67
-3.01
-1.20
-1.85
-1.19
-1.72
-2.02
-2.09
-1.50
-2.80
-2.18
-1.50
-1.97
-2.30
-1.10
-1.80
-1.70
-1.74
-1.50
-1.81
-1.90
-1.88
-1.78
-0.90
-1.55
-2.39
-2.29
-0.80
0.50
0.70
0.70
-0.57
-0.04
-0.80
-0.09
-1.87
-2.10
-1.30
1.00
-1.30
-0.56
0.60
-1.20
-0.74
-1.25
-1.25
0.50
0.08
-1.10
-1.33
-0.69
-1.54
-2.20
-1.44
0.59
-1.30
-0.72
-1.49
-1.06
-0.68
-1.30
-1.60
-1.48
0.80
-1.10
-1.21
-1.00
-1.28
-2.20
-1.30
-1.70
0.12
-1.10
-1.60
-1.49
0.66
-0.76
-0.68
1.28
0.15
2.10
1.37
1.08
1.66
0.58
0.03
0.19
1.37
0.70
0.50
0.70
0.70
0.02
0.16
-0.70
-0.40
0.14
1.34
0.13
0.20
-0.02
-0.60
-0.60
0.82
-0.60
-1.95
0.98
-1.69
1.23
-0.04
-0.70
2.27
1.10
1.01
1.20
1.13
1.60
1.37
2.60
1.40
1.30
1.25
1.77
2.20
1.80
1.33
3.20
2.37
3.20
0.73
0.65
0.10
3.20
1.63
0.70
1.31
0.88
2.16
1.75
1.24
2.04
2.70
1.60
2.33
2.60
0.29
1.30
3.20
2.82
3.20
1.50
2.90
3.20
3.20
2.14
1.58
1.80
0.90
1.20
3.20
2.51
2.20
2.20
4.00
0.43
2.46
2.41
1.30
2.49
1.20
2.99
0.29
2.36
0.90
1.20
-1.10
1.02
1.51
1.76
-0.33
1.99
2.09
1.46
-0.61
0.37
-0.95
1.17
-3.58
0.60
0.64
0.07
-1.01
0.16
0.00
0.98
-1.75
-0.20
-3.38
-0.26
-4.00
-1.50
2.57
3.22
1.70
2.18
1.80
2.24
0.59
2.50
0.70
2.81
-1.90
0.68
0.23
1.49
0.89
0.30
2.00
-0.17
-0.55
-0.94
-0.23
-1.39
-0.55
-1.52
-1.61
-0.73
-1.24
-1.59
-1.52
-0.17
-0.55
-1.80
-0.23
-0.17
-0.55
-0.96
-0.23
-0.17
-0.55
-0.32
-0.23
-0.17
-0.55
-0.00
-0.23
-0.17
-0.55
-0.32
-0.23
-0.17
-0.55
-0.32
-0.23
-0.00
-0.55
-0.00
-0.00
-0.10
-0.00
-0.03
-0.23
-0.00
-0.00
-0.00
-0.23
0.70
1.19
1.00
3.11
2.03
2.66
3.54
3.27
3.40
4.75
5.32
5.24
4.99
5.03
4.85
5.40
0.11
-1.20
0.45
0.60
0.90
4.40
0.03
0.04
3.10
-2.00
-3.01
-2.00
-2.00
-2.00
-2.00
-2.00
-2.00
-2.00
-1.95
-1.50
-2.91
-1.77
-3.29
-1.00
-1.20
-1.36
-1.55
-1.26
-1.16
-0.50
-0.58
-0.50
-1.21
-0.86
-2.50
-2.50
-0.50
-0.84
-0.50
