-0.90
-2.20
-2.10
-0.60
-1.10
-1.40
-2.10
-3.30
-2.40
-1.40
-2.10
-2.40
-3.40
-1.50
-2.50
-1.30
-0.50
1.30
-1.30
-1.00
0.30
-0.30
-0.50
-0.30
-0.30
-0.10
-0.20
-1.50
-0.20
-1.10
-1.20
-0.20
0.20
-0.30
-0.30
-0.60
-1.10
-1.50
-1.50
-1.40
-1.80
-1.00
-0.90
-2.90
-0.80
-2.20
-2.00
-1.60
-1.10
-1.70
-1.40
-1.80
-2.00
-1.10
-1.50
-1.30
-2.10
-1.10
-0.70
-2.40
-0.50
-2.40
-2.90
-1.40
-1.20
-1.90
-1.00
-2.20
-1.50
0.20
-0.50
-0.30
-0.30
-0.10
-0.20
-1.50
-0.20
-0.90
-1.10
-0.30
0.00
-0.30
-0.30
-0.40
-1.10
-0.50
-0.30
-0.60
-0.50
-0.20
-0.10
-1.20
0.00
-1.40
-1.20
-0.70
-0.20
-0.30
-0.10
-0.50
-0.80
-0.50
-0.30
-0.60
-0.50
-0.20
-0.10
-1.70
0.00
-0.80
-1.20
-0.30
-0.70
-0.60
-0.10
-0.60
-0.80
0.65
-1.10
-0.70
1.50
1.00
1.10
1.20
0.40
1.10
-0.40
0.40
0.40
0.40
0.30
0.50
0.40
0.50
0.40
-0.10
-1.70
-1.40
0.00
1.10
-0.30
0.40
0.80
0.40
0.40
0.40
0.40
-2.10
1.10
-0.70
1.80
0.40
-1.70
2.30
2.10
0.80
2.20
1.70
0.60
1.10
1.60
0.40
2.30
2.20
2.50
2.20
2.50
1.90
2.20
2.20
2.20
1.70
0.80
0.80
2.20
2.20
1.70
1.50
1.20
2.50
2.10
1.20
2.20
1.70
0.60
2.10
1.60
0.40
2.30
2.20
2.50
2.20
2.50
1.90
2.20
2.20
2.20
1.70
0.80
0.80
2.20
2.20
1.70
1.20
1.20
4.00
0.75
2.80
2.50
0.30
2.30
2.20
2.20
0.30
1.40
-0.10
2.20
-2.10
0.60
1.30
2.00
-0.70
1.10
1.70
1.40
-0.70
0.80
-1.10
1.40
-4.20
-0.40
1.50
0.90
-1.30
1.00
1.00
1.10
-2.60
0.80
-4.10
-1.00
-4.90
-0.50
2.80
2.80
0.70
1.90
2.80
2.20
0.70
1.50
-0.30
2.80
-2.90
1.10
0.00
1.80
1.00
0.00
2.00
-0.80
-0.50
-0.80
-0.60
-1.70
-0.80
-1.70
-1.20
-1.10
-0.40
-1.30
-0.60
-0.80
-0.50
-0.80
-0.60
-0.70
-0.10
-0.70
-0.10
-0.70
-0.10
-0.70
-0.10
-0.30
-0.10
-0.20
-0.10
-0.20
-0.10
0.00
0.00
-0.50
-0.10
-0.20
-0.10
-0.30
-0.10
-0.20
-0.10
-0.30
-0.10
-0.40
-0.10
-0.30
-0.10
-0.40
-0.10
1.70
1.80
2.00
3.80
2.80
3.20
3.60
4.00
4.40
5.70
5.60
5.60
5.40
5.90
5.60
6.40
0.50
-2.20
0.30
1.60
1.40
3.40
0.40
0.00
4.10
-3.00
-3.00
-3.00
-3.00
-3.00
-3.00
-3.00
-3.00
-3.00
-2.50
-2.50
-2.50
-2.50
-2.50
-2.00
-2.00
-2.00
-2.00
-2.00
-1.50
-1.50
-1.50
-1.50
-1.50
-1.50
-1.50
-1.50
-1.50
-1.50
-1.50
