-0.71
-1.32
-1.54
-0.12
-0.74
-0.91
-1.49
-2.16
-1.52
-0.58
-1.68
-1.39
-2.16
-0.97
-1.57
-0.69
-0.73
-0.29
-0.77
-0.12
-0.58
0.27
0.87
0.45
1.18
-0.09
0.26
0.42
0.42
-0.30
0.31
0.16
1.18
0.28
-0.03
0.86
0.02
-0.44
-0.34
-0.00
-0.09
-0.27
-0.23
-1.14
-0.37
-0.68
-0.06
-0.04
0.03
-0.32
-0.59
-0.95
-0.29
0.05
-0.34
-0.96
1.01
-0.28
0.32
-0.32
0.30
-0.68
-0.14
-0.28
0.30
0.07
-0.40
-0.37
-0.91
0.60
0.76
0.74
1.88
0.35
0.84
0.58
0.10
-1.17
0.13
0.36
1.00
0.07
0.41
0.63
0.43
0.29
0.53
0.92
0.64
0.72
0.42
0.12
0.69
-0.44
0.41
0.17
1.18
0.57
-0.25
0.30
0.30
0.31
0.52
1.09
1.04
0.57
0.40
-0.03
0.56
-0.27
0.04
-0.22
0.44
0.42
-0.34
0.09
-0.33
0.77
-0.57
-0.46
0.77
-0.38
0.48
0.37
1.00
1.79
0.02
0.42
-0.04
0.64
0.22
0.65
0.97
1.26
0.65
0.37
-0.38
0.79
0.54
0.21
-0.19
-0.53
0.89
-0.13
0.12
0.68
-0.38
-0.71
0.40
-1.93
1.03
0.05
-0.52
1.56
1.72
1.16
1.06
1.12
0.83
0.50
1.13
0.60
0.61
1.66
1.38
1.74
1.32
1.02
1.63
1.28
1.62
1.13
1.47
-0.15
2.22
1.10
0.57
1.25
0.53
1.03
1.36
1.08
1.12
1.45
1.25
1.44
1.59
0.62
-0.23
1.66
0.39
1.34
1.43
1.30
1.70
1.24
1.53
0.12
0.12
0.65
-0.82
1.34
1.35
2.52
1.48
1.54
0.76
1.48
0.70
1.55
2.09
1.37
1.14
0.11
1.36
1.70
2.06
1.71
0.31
0.93
0.58
-0.52
0.56
1.25
1.25
-0.43
0.71
0.62
0.64
-0.58
-0.76
1.25
0.56
0.52
-0.01
1.12
1.16
-0.82
0.35
-1.05
1.02
-0.04
-0.94
2.26
2.04
1.43
1.71
2.07
2.28
0.27
1.97
2.17
1.70
1.67
0.22
0.22
1.68
0.79
0.97
2.08
-0.32
-0.70
-0.90
-0.35
-0.87
-0.24
-0.98
-0.86
-0.46
-0.37
-0.95
-0.54
-0.32
-0.87
-1.08
-0.11
-0.32
-0.42
-0.68
-0.45
-0.32
-0.19
-0.86
-0.11
-0.14
0.00
0.00
-0.07
-0.32
-0.19
-0.13
-0.05
-0.09
-0.17
0.00
-0.01
0.00
-0.01
0.00
-0.11
-0.32
-0.07
-0.06
-0.06
0.00
0.00
0.00
0.00
0.44
0.78
0.47
2.81
1.52
2.03
3.12
2.67
2.78
3.69
2.83
3.23
2.87
2.59
2.65
2.77
0.50
0.05
0.38
-1.44
0.31
3.39
0.03
0.02
-0.46
-0.65
-2.03
-1.30
-0.62
-1.66
-1.68
-1.58
-1.84
-1.96
-2.33
-1.86
-1.39
-1.42
-2.16
0.20
-1.35
-1.02
-1.33
-0.97
-1.17
-0.80
-0.67
-0.84
-0.52
-0.69
-0.68
-0.18
-0.63
-0.33
0.06
-1.38
10.07
15.00
2.46
0.06
0.96
0.89
0.74
3.39
0.03
0.02
3.41
0.56
0.12
