-0.50
-1.32
-1.42
0.05
-0.73
-0.57
-1.26
-2.25
-1.37
-0.48
-1.37
-1.48
-2.18
-0.96
-1.35
-0.36
-0.71
0.02
-0.69
0.08
-0.68
0.08
-0.38
-0.27
0.63
-0.02
-0.18
-0.08
0.34
-0.96
-0.26
-0.15
0.51
-0.06
1.11
-0.15
-0.43
-0.93
-0.60
-0.51
-0.56
-0.36
-0.72
-1.82
-0.15
-1.27
-0.62
-0.89
-1.00
-1.09
-0.61
-1.95
-1.51
-0.87
-0.61
-1.12
0.94
-0.78
-0.41
-0.75
-0.56
-0.94
-0.50
-1.12
-0.39
-0.67
-0.66
-1.10
-0.90
-0.26
1.51
0.02
4.60
-0.34
7.45
0.60
1.58
-1.00
-0.60
-0.68
0.50
-0.26
5.36
3.09
-0.73
0.39
0.08
0.31
-0.08
0.36
1.08
-0.25
0.25
-0.41
-0.86
-0.32
0.31
0.05
0.15
-0.02
-0.23
0.21
-0.74
-0.28
0.22
1.90
-0.58
-1.34
0.85
-0.54
-1.01
-0.84
1.02
-0.08
-0.68
-1.36
-0.67
0.61
-0.51
-0.34
0.60
1.14
1.35
1.29
0.69
1.54
0.89
-0.12
-0.07
1.18
0.90
1.35
10.40
1.42
-0.06
0.80
-0.81
1.27
0.96
1.19
0.51
0.74
0.26
-0.90
-0.57
0.24
-0.31
-1.38
0.74
-0.89
1.89
-0.16
-0.36
1.92
1.61
0.73
1.12
1.05
10.60
0.91
9.67
1.74
1.33
12.20
1.66
1.30
1.69
1.15
3.28
2.20
12.20
0.68
0.45
0.13
12.20
1.59
-0.81
0.75
0.50
1.94
1.40
1.09
2.17
1.70
1.92
1.97
1.37
-0.04
0.43
12.20
1.89
12.20
1.45
3.93
1.97
2.20
12.20
1.21
1.01
1.59
-0.04
2.20
2.56
6.71
3.68
4.00
0.31
2.64
3.58
2.62
3.56
-0.48
2.95
1.02
2.89
-0.10
8.01
-2.10
1.51
2.03
2.89
0.19
2.54
2.92
2.48
-0.02
1.42
0.15
2.03
-2.51
2.14
1.15
1.11
-0.43
1.25
-0.79
2.27
-1.48
-0.64
-2.25
0.38
-2.36
-0.65
2.54
2.77
2.55
3.42
2.03
3.43
0.81
3.19
7.25
4.15
-2.90
1.05
0.20
1.46
0.97
0.05
2.00
-0.26
-0.18
-0.65
-0.11
-1.17
-0.49
-0.93
-1.07
-0.45
-0.67
-1.28
-1.04
-0.44
-0.18
-1.28
-0.11
-0.26
-0.18
-0.65
-0.11
-0.26
-0.18
-0.65
-0.11
-0.14
-0.00
-0.00
-0.11
-0.26
-0.16
-0.47
-0.11
-0.14
-0.18
-0.13
-0.00
-0.00
-0.18
-0.21
-0.11
-0.00
-0.00
-0.00
-0.11
-0.00
-0.00
-0.65
-0.11
0.55
0.84
0.55
2.32
1.61
2.17
2.65
2.64
2.64
3.33
2.87
3.07
2.87
2.94
2.92
2.96
0.16
-0.42
0.46
-0.37
0.19
3.20
0.10
0.05
-0.39
-1.40
-2.09
-0.48
-0.56
-0.94
-0.45
-0.45
-1.45
-0.73
-1.24
-0.84
-1.66
-0.93
-2.37
-0.20
-0.87
-0.64
-0.99
-0.76
-0.54
-0.89
-0.39
-0.40
-0.21
-0.32
-1.93
-1.01
0.43
-0.59
0.51
